t=[2.1  2.2  2.3  2.3  2.5  2.6  2.8  2.9];
f=[2.5  2  2.5  2.7  3  4  5.4  7];


t=[1  1.2  1.4  1.4  1.5  1.7  1.9  2];
f=[6.2  7  8  7.9  8.4  9.2  10  10.6];


t=[0.5  0.8  1.1  1.3  1.5  1.7  1.9  2.1  2.3];
f=[2.5  2.3  1.8  1.3  0.9  0.4  0.1  -0.05  -0.01];


t=[1  1.2  1.4  1.4  1.5  1.7  1.9  2  2.1  2.2];
f=[4.2  3.8  3.4  3.3  3.3  3  2.8  2.8  2.75  2.7];

t=[0.1 0.5 1.2 1.5 2 2.1 2.4  3  3.2 3.4  3.8  4  4.2  4.6  5];
f=[1 4.1 3 1 -1.5 -1.6 -1.7  -0.4  0.1 0.7  1.6  1.8  1.6  0.2  -2.5];


t=[0.1  0.5  1.2  1.5  2  2.1  2.4  3  3.2];
f=[-0.6  1.5  2.5  2.9  3.2  3.3  3.5  3.8  3.9];


t=[15 46 74 105 135 166 196 227 258 288 319 349];
f=[ -1.7 0.1 5.2 10.3 15.8 18.9 21.1 20.3 16.1 10.2 4.2 0.5];