    1.5938   -1.8117    0.0060
   -0.2830   -1.1454   -0.3248
   -0.6627   -0.4086   -1.0247
    0.3866   -0.6653    0.8930
    1.6080   -1.0816    0.0940
    0.8083    1.7445    0.2559
   -0.4902    0.7328   -0.6344
    0.9398    1.8485   -0.0966
    1.8164   -0.2481   -0.3531
    0.1713    1.7613    0.4064
    0.1604   -1.9767    0.0940
   -0.7556    0.4412   -0.8599
   -1.7151    1.2043   -0.0926
   -1.2721   -1.0681   -0.0596
   -1.6280    1.7299    0.2413
   -0.1460    1.0531   -0.2379
   -1.9627    1.3058    0.0494
    1.6601    0.2939   -0.0308
    0.5710    1.1703    0.2912
   -1.9943   -0.6838    0.1989
   -1.8785   -1.1062    0.0751
   -1.1661   -0.7505    0.0901
   -0.1801    0.3381   -0.9813
   -1.4909    1.3197    0.0227
   -1.9654   -0.8382   -0.1756
    0.9083   -0.3898    0.3513
   -0.5835    1.4482    0.0304
    1.1218    0.4590    0.3367
   -0.2534    1.9648    0.0401
   -0.2538   -1.1852   -0.5978
   -1.8031    1.3088    0.0484
   -1.8015    0.7034   -0.1793
   -1.6356   -1.0042   -0.0798
    0.3761   -0.0969    1.4402
   -1.0357   -0.4037   -0.1063
    1.3655    0.3978   -0.1311
    1.4289    1.2021   -0.2880
    1.8544   -1.5797    0.1307
   -0.0444    1.2858    0.0851
   -1.1188    1.3643    0.2490
   -1.0952   -0.5820    0.1160
    0.1472   -0.2797    0.9419
    1.0484    0.2890    0.2760
   -0.6097    0.8033   -0.7357
   -0.1551    0.9699   -0.4652
    0.5573    1.0315    0.9514
    1.6693   -0.4435   -0.5704
   -1.3537   -0.2828    0.1327
    0.8625    1.8254    0.5118
    0.3110    0.2919    1.2978
   -0.2668    1.3989   -0.3994
    1.5370   -0.8946   -0.3232
   -0.4278    0.4893   -1.1571
   -1.2841    0.3534   -0.1922
    0.5333    1.8539   -0.0668
    0.4960   -1.6564    0.2833
   -0.6882    0.0020   -0.9864
    1.2119    0.0864   -0.1193
    1.9979   -1.6393    0.0253
    1.9239    1.6187    0.1352
   -1.4919    1.5376   -0.2314
   -1.0710   -0.2440    0.1631
   -1.9055    1.1269   -0.3094
    0.4297   -1.4061    0.4841
   -1.5568    0.4793    0.0518
   -0.3702   -0.9575   -0.6273
    1.5363   -0.2174   -0.2501
    0.1925    1.3760    0.3058
   -0.5240   -1.2152   -0.2417
   -1.1666   -0.7846   -0.2592
   -0.2362   -0.0668   -1.6402
    1.8248   -0.6488   -0.3856
   -1.5039    1.1939    0.2228
   -0.1169    1.9500    0.0472
    1.4276   -1.3638   -0.1873
   -1.8264   -1.0525    0.3107
    0.7665    0.8089    0.4432
    1.9159   -0.4981   -0.3249
   -0.8669    1.8948   -0.2239
   -1.4649    1.8892   -0.2663
    0.7411    0.5748    0.8007
    1.6378    1.4404   -0.1383
    0.4435   -0.3925    1.1674
    1.5999    0.5277   -0.2065
   -1.2263    1.9409   -0.1550
    1.0177    0.2379    0.1366
   -0.6150    1.7344   -0.0158
   -0.3255    0.8814   -0.7556
   -1.3771   -0.0638    0.3125
    1.2760    0.5561   -0.1900
    0.4997    1.5505    0.0323
    0.9542   -1.2051    0.1413
    1.2204   -0.4185   -0.3799
   -1.7311    1.9687   -0.2119
    1.8032   -0.3906   -0.2435
   -0.0097    0.6354    0.1298
    1.0206    1.6054    0.1910
    0.9696    1.9815   -0.3488
    1.3245    0.6127   -0.2128
   -1.3740   -1.5663    0.0829
   -0.1708   -1.8555   -0.1851
    0.4724    0.4724    1.4561
    1.7287    0.2686   -0.0022
    1.3404    1.8479   -0.0464
    1.5817    0.9844   -0.1683
    0.3301    0.6501    1.2246
    0.3310    0.0933    1.6881
    1.4197   -0.9604   -0.0070
   -1.8605    1.8480   -0.0467
    1.5417    0.1608    0.0420
   -0.3691   -1.8789   -0.2750
   -1.8545    0.7853    0.0412
    0.9846    0.0789    0.3124
   -1.3807   -1.7639   -0.0190
   -1.4244    1.5601   -0.1390
    0.4238   -0.6792    1.4912
   -0.9821   -1.0812   -0.0647
   -0.7034   -1.5442   -0.0500
   -0.3928   -0.7563   -1.1688
   -0.3745   -1.0863   -0.5582
   -0.4552    0.6080   -1.0796
    0.4392   -1.7354    0.1437
   -1.3324   -0.8983    0.1939
   -1.2476   -0.8727    0.3786
   -1.6215    1.5203   -0.2646
   -0.7073   -0.2227   -0.8408
    1.0784    1.0237   -0.4569
   -1.0635    0.4132    0.1054
    0.9615    1.1331    0.4174
    0.7713   -1.5443    0.2898
    1.2963    1.9143   -0.0149
    1.3119    1.3944   -0.1204
   -0.8265   -1.7974    0.0688
   -0.7625   -0.1352   -0.4943
    0.0921   -0.6974    0.3861
   -0.6988    0.5208   -0.4403
    1.3274   -1.0788   -0.2604
    1.2412    0.3195   -0.6322
    0.2280    0.4126    0.9326
   -0.9481    0.3995   -0.1461
    0.7223   -0.2063    0.7596
   -1.0654   -1.8583   -0.1621
   -0.1743    0.0553   -0.7371
   -0.4617   -0.3691   -1.7316
    0.1544   -1.5678    0.0288
    1.9668   -0.1605   -0.1968
    1.0209   -0.1965   -0.1352
    1.9218    0.2046   -0.1413
   -1.0609    1.2216    0.1291
    0.1142    0.8034    0.2050
   -1.7943    1.4889   -0.1582
    1.0275   -1.7912    0.0161
    0.4079   -1.1213    0.8006
    1.4287   -0.1614   -0.5732
    1.9531    1.8341    0.3597
    1.7179    1.1602   -0.1962
   -0.3619   -0.1925   -1.3958
   -1.9986   -0.6663    0.2100
    0.1635   -1.7636    0.3439
   -1.1691    0.9636    0.0037
   -1.1229    0.0272    0.1929
   -0.6968   -1.2003   -0.3342
   -1.6162   -0.2912   -0.0225
    0.9901   -1.3252    0.0595
    0.9940    1.0068    0.0773
    0.1732   -0.5266    0.7320
   -0.6475    1.7673   -0.0663
    1.3293   -1.9313    0.5223
    0.2103    1.3162    0.2908
    1.8302    0.5064    0.1213
    1.5713    0.1550   -0.2190
   -0.5740    0.6020   -1.1192
    0.1856    0.9065    0.4803
   -0.6133   -1.6220   -0.0381
    0.4912    1.5103    0.0869
    1.1865   -1.9426   -0.3821
    0.9835   -0.8228    0.0314
   -1.4979   -1.2803   -0.0416
    1.2896    1.7052    0.0312
   -1.8994   -1.7273    0.0180
   -0.3423    0.3244   -1.2760
    0.9256    0.5486    0.3220
    1.1255    0.6051   -0.4074
   -0.5309    1.4585   -0.5712
    0.9795   -1.7762    0.1041
    1.5691    1.2674    0.0253
   -1.0296    0.1157   -0.1306
   -1.4816    0.7774    0.3575
   -1.0997   -1.1504    0.0631
   -0.5999    0.1731   -1.2253
   -0.8517    0.8101   -0.1846
    1.7100    1.8257    0.1464
   -1.7947   -0.2218    0.3383
    0.3707   -1.6584    0.1226
   -1.3484   -1.7706   -0.3266
    1.3536    0.5178    0.0100
   -1.3298    1.1847   -0.1055
    0.0088    0.7648    0.2834
    1.9973   -0.6188   -0.1181
   -0.5784    1.7873    0.1940
